35
65
98
125
155
182
215
239
266
289
318
348
380
407
432
461
490
524
563
598
638
668
692
726
757
780
802
829
858
891
926
947
973
1002
1033
1064
1095
1120
1148
1174
1207
1242
1267
1305
1332
1360
1390
1414
1441
1472
1498
1529
1556
1589
1619
1650
1680
1714
1747
1778
1809
1837
1862
1894
1925
1951
1989
2016
2048
2072
2101
2123
2153
2186
2210
2227
2260
2289
2321
2353
2385
2409
2438
2462
2485
2508
2542
2570
2598
2629
2663
2688
2719
2749
2775
2809
2836
2859
2879
2897
2922
2947
2974
3011
3040
3065
3101
3133
3165
3194
3218
3248
3275
3309
3344
3375
3410
3451
3484
3505
3532
3567
3601
3634
3667
3683
3716
3751
3777
3806
3839
3868
3893
3927
3957
3978
4001
4037
4066
4088
4121
4150
4178
4210
4242
4272
4298
4332
4359
4396
4429
4453
4484
4517
4540
4578
4610
4638
4669
4693
4720
4749
4782
4813
4844
4873
4912
4942
4976
5000
5031
5054
5080
5111
5136
5171
5205
5225
5260
5288
5321
5352
5387
5413
5451
5484
5510
5540
5576
5620
5642
5679
5720
5736
5764
5788
5818
5841
5874
5902
5933
5958
5983
6015
6044
6062
6096
6127
6166
6193
6222
6243
6268
6304
6329
6360
6389
6417
6447
6480
6506
6536
6557
6589
6613
6646
6667
6692
6726
6761
6795
6825
6860
6895
6921
6949
6984
7014
7036
7063
7095
7119
7156
7182
7206
7235
7272
7306
7338
7362
7391
7428
7458
7487
7522
7546
7581
7605
7638
7669
7702
7728
7772
7798
7825
7859
7887
7921
7952
7979
8001
8040
8072
8098
8132
8162
8180
8213
8247
8271
8295
8322
8349
8375
8403
8434
8466
8495
8528
8562
8584
8617
8649
8682
8719
8748
8780
8811
8847
8881
8914
8941
8980
9007
9041
9076
9105
9138
9169
9203
9236
9266
9304
9339
9365
9390
9420
9447
9487
9525
9555
9586
9612
9641
9670
9694
9726
9753
9772
9797
9827
9858
9895
9928
9949
9979
10003
10041
10073
10103
10136
10170
10197
10231
10260
10298
10331
10363
10389
10425
10451
10478
10506
10540
10576
10606
10634
10660
10687
10714
10748
10775
10807
10837
10877
10908
10937
10968
10998
11027
11060
11094
11123
11151
11177
11207
11240
11271
11295
11327
11361
11384
11414
11443
11471
11497
11527
11561
11591
11625
11652
11687
11716
11748
11776
11802
11824
11856
11878
11907
11944
11977
11996
12025
12048
12073
12098
12136
12174
12213
12241
12266
12297
12321
12346
12373
12413
12443
12467
12492
12525
12554
12581
12612
12651
12684
12721
12750
12785
12830
12855
12884
12927
12967
12996
13024
13048
13077
13103
13135
13159
13184
13213
13235
13266
13294
13331
13368
13395
13429
13454
13488
13523
13555
13570
13597
13624
13650
13685
13711
13742
13767
13799
13828
13869
13894
13917
13949
13973
14012
14038
14079
14108
14137
14164
14198
14231
14261
14284
14313
14348
14386
14419
14452
14483
14512
14537
14569
14604
14638
14674
14707
14727
14758
14788
14821
14854
14881
14908
14945
14970
14999
15031
15061
15092
15131
15165
15189
15213
15240
15269
15293
15316
15342
15369
15399
15428
15465
15499
15527
15555
15582
15614
15638
15670
15707
15728
15754
15781
15814
15846
15876
15899
15928
15962
15990
16010
16036
16069
16103
16131
16160
16193
16221
16250
16274
16299
16325
16358
16390
16421
16448
16477
16512
16547
16581
16602
16622
16649
16676
16712
16742
16776
16813
16836
16865
16896
16927
16959
16993
17019
17051
17091
17117
17143
17182
17212
17243
17266
17297
17322
17354
17385
17419
17452
17480
17505
17530
17565
17587
17619
17654
17685
17712
17747
17776
17814
17841
17871
17904
17935
17972
18001
18042
18073
18102
18135
18163
18196
18223
18253
18283
18311
18346
18374
18410
18440
18466
18496
18527
18552
18576
18599
18634
18662
18692
18719
18753
18783
18809
18846
18877
18900
18928
18957
18987
19011
19037
19070
19101
19142
19169
19203
19232
19262
19298
19330
19357
19394
19426
19454
19475
19510
19542
19566
19594
19633
19667
19702
19730
19766
19795
19827
19853
19887
19919
19946
19981
20013
20042
20072
20101
20138
20168
20206
20234
20263
20296
20329
20366
20393
20427
20450
20466
20490
20520
20547
20571
20601
20636
20664
20692
20726
20748
20780
20813
20843
20882
20915
20940
20973
20998
21026
21067
21098
21127
21147
21187
21210
21241
21278
21308
21339
21365
21395
21431
21460
21492
21509
21526
21562
21587
21621
21650
21680
21709
21743
21773
21809
21846
21876
21908
21931
21959
21988
22019
22042
22066
22101
22135
22176
22206
22238
22264
22297
22326
22348
22387
22420
22442
22474
22501
22528
22560
22587
22619
22651
22672
22704
22728
22752
22782
22821
22854
22890
22923
22955
22985
23012
23036
23060
23100
23130
23164
23202
23235
23250
23281
23308
23337
23371
23398
23427
23459
23497
23523
23546
23576
23611
23654
23680
23706
23735
23772
23803
23840
23878
23912
23946
23976
24011
24036
24073
24107
24126
24152
24189
24218
24243
24271
24298
24324
24351
24382
24405
24425
24455
24481
24514
24542
24570
24602
24632
24668
24696
24724
24744
24786
24816
24843
24864
24896
24919
24960
24997
25022
25051
25077
25105
25139
25168
25192
25219
25248
25279
25297
25321
25345
25375
25414
25433
25471
25496
25537
25568
25591
25629
25659
25688
25725
25758
25793
25819
25849
25879
25907
25938
25969
26005
26034
26067
26102
26132
26166
26201
26232
26257
26284
26318
26342
26377
26403
26439
26459
26487
26523
26561
26597
26630
26664
26697
26723
26743
26770
26806
26843
26873
26898
26933
26965
26992
27030
27066
27100
27125
27149
27185
27216
27251
27284
27310
27334
27369
27402
27424
27451
27482
27515
27541
27577
27608
27644
27674
27714
27741
27769
27798
27830
27861
27889
27907
27938
27964
27995
28028
28056
28088
28110
28134
28162
28193
28233
28263
28294
28327
28354
28386
28425
28459
28490
28525
28558
28600
28633
28657
28689
28727
28752
28786
28810
28837
28874
28910
28932
28955
28991
29019
29050
29088
29127
29147
29176
29207
29233
29259
29293
29321
29346
29372
29402
29429
29464
29489
29528
29567
29604
29634
29657
29692
29713
29752
29773
29806
29842
29868
29901
29931
29960
29994
30026
30056
30089
30116
30145
30174
30207
30237
30265
30292
30318
30350
30375
30406
30430
30463
30491
30524
30555
30585
30619
30652
30687
30724
30756
30789
30818
30853
30887
30926
30951
30975
30999
31022
31055
31078
31108
31140
31170
31188
31217
31251
31289
31319
31352
31377
31410
31441
31474
31502
31536
31567
31589
31613
31641
31669
31701
31737
31772
31799
31830
31861
31895
31930
31963
31990
32019
32058
32097
32126
32152
32179
32225
32248
32274
32301
32328
32349
32381
32415
32446
32484
32523
32554
32587
32615
32648
32674
32707
32740
32770
32802
32844
32866
32878
32916
32948
32985
33005
33043
33077
33101
33125
33157
33196
33222
33260
33291
33321
33349
33379
33408
33437
33469
33490
33517
33541
33575
33613
33647
33673
33698
33730
33771
33808
33836
33872
33899
33926
33950
33987
34022
34053
34086
34118
34150
34175
34207
34240
34260
34286
34318
34348
34381
34409
34434
34464
34495
34518
34551
34579
34609
34633
34662
34692
34725
34749
34776
34809
34838
34867
34896
34921
34953
34981
35016
35059
35096
35125
35159
35192
35222
35252
35276
35308
35335
35371
35399
35432
35460
35493
35529
35560
35588
35621
35656
35684
35717
35756
35778
35811
35844
35883
35906
35948
35978
36018
36045
36078
36111
36151
36179
36209
36238
36273
36308
36341
36358
36394
36427
36468
36495
36525
36557
36585
36608
36649
36676
36702
36727
36758
36791
36823
36851
36881
36907
36931
36959
36990
37028
37057
37084
37120
37146
37175
37202
37227
37255
37287
37323
37353
37381
37408
37436
37468
37502
37533
37561
37594
37617
37643
37670
37703
37733
37764
37793
37830
37853
37875
37902
37937
37975
38008
38041
38068
38092
38123
38154
38183
38215
38246
38268
38298
38325
38353
38382
38414
38440
38482
38515
38542
38568
38587
38606
38638
38673
38708
38732
38760
38793
38820
38845
38871
38902
38928
38958
38988
39021
39052
39086
39115
39148
39176
39205
39236
39263
39296
39331
39360
39387
39420
39448
39477
39507
39536
39570
39600
39627
39655
39678
39710
39735
39762
39793
39822
39861
39880
39904
39928
39963
39997
40029
40060
40095
40125
40159
40189
40218
40242
40266
40298
40331
40362
40390
40413
40447
40484
40522
40555
40582
40612
40648
40685
40711
40739
40759
40785
40812
40841
40864
40895
40938
40972
41001
41028
41054
41082
41106
41128
41159
41189
41218
41248
41280
41312
41349
41371
41407
41441
41477
41511
41547
41584
41615
41644
41676
41713
41746
41774
41802
41830
41867
41895
41928
41960
41988
42019
42034
42056
42084
42112
42130
42165
42191
42216
42244
42269
42310
42344
42371
42403
42436
42471
42501
42532
42561
42591
42623
42660
42677
42701
42730
42753
42783
42814
42840
42874
42904
42935
42963
42996
43027
43054
43081
43113
43131
43162
43197
43232
43269
43298
43321
43363
43402
43429
43451
43474
43503
43535
43571
43608
43630
43655
43686
43720
43745
43778
43806
43838
43872
43898
43927
43954
43979
44020
44048
44081
44116
44152
44173
44197
44223
44255
44283
44312
44343
44373
44398
44437
44466
44504
44530
44563
44599
44628
44656
44686
44711
44737
44762
44786
44812
44844
44873
44902
44946
44973
45009
45038
45066
45099
45129
45156
45185
45210
45239
45269
45298
45331
45366
45388
45419
45456
45484
45516
45544
45580
45615
45648
45676
45709
45740
45775
45795
45819
45843
45877
45911
45935
45967
46004
46032
46068
46095
46128
46155
46189
46213
46251
46281
46308
46346
46379
46409
46444
46469
46505
46534
46565
46598
46631
46668
46699
46733
46770
46802
46835
46866
46894
46927
46960
46995
47027
47058
47082
47105
47142
47166
47197
47224
47254
47283
47316
47345
47379
47405
47440
47471
47499
47531
47562
47594
47626
47661
47694
47724
47757
47784
47813
47853
47880
47907
47936
47966
47992
48019
48050
48087
48124
48163
48197
48227
48261
48297
48327
48358
48392
48425
48455
48485
48514
48545
48574
48593
48619
48649
48677
48712
48733
48754
48779
48814
48858
48888
48915
48940
48972
49010
49032
49056
49088
49115
49141
49168
49201
49233
49260
49287
49321
49359
49382
49416
49452
49473
49495
49519
49537
49562
49599
49629
49661
49696
49722
49746
49776
49803
49833
49865
49895
49924
49948
49972
50003
50041
50065
50100
50131
50159
50192
50230
50253
50282
50314
50351
50375
50402
50435
50469
50496
50522
50549
50584
50606
50634
50667
50699
50729
50771
50807
50837
50873
50905
50934
50966
51001
51034
51062
51102
51129
51165
51191
51213
51237
51263
51289
51311
51342
51367
51405
51441
51466
51497
51533
51565
51593
51623
51654
51682
51714
51739
51774
51806
51833
51871
51901
51937
51975
51994
52021
52052
52089
52115
52144
52179
52204
52225
52251
52283
52321
52348
52368
52389
52419
52461
52494
52533
52563
52602
52637
52674
52707
52742
52777
52804
52832
52863
52882
52926
52955
52986
53014
53043
53070
53098
53130
53159
53192
53219
53257
53291
53326
53355
53384
53414
53447
53477
53509
53536
53563
53590
53620
53646
53678
53709
53740
53771
53805
53840
53866
53891
53922
53952
53971
54003
54032
54068
54096
54132
54159
54187
54217
54247
54275
54298
54325
54360
54388
54417
54448
54476
54511
54536
54570
54599
54634
54672
54706
54738
54767
54789
54817
54851
54887
54912
54936
54972
55000
55035
55069
55095
55123
55163
55190
55215
55236
55264
55302
55335
55374
55393
55420
55451
55480
55503
55519
55543
55569
55595
55614
55632
55666
55689
55725
55749
55771
55800
55841
55868
55897
55924
55958
55986
56014
56036
56067
56100
56130
56161
56184
56211
56240
56265
56293
56332
56357
56388
56417
56452
56489
56521
56555
56583
56607
56633
56665
56686
56719
56748
56779
56809
56838
56868
56896
56933
56970
56998
57031
57066
57107
57139
57168
57208
57230
57250
57284
57311
57344
57373
57400
57433
57458
57488
57517
57554
57582
57617
57641
57677
57704
57731
57764
57794
57828
57863
57897
57927
57963
58001
58028
58069
58098
58121
58162
58179
58203
58238
58269
58293
58320
58357
58394
58418
58445
58477
58500
58528
58553
58583
58615
58647
58672
58704
58740
58774
58800
58828
58861
58887
58921
58955
58986
59021
59055
59091
59116
59134
59169
59204
59230
59254
59280
59304
59339
59373
59407
59440
59475
59497
59522
59552
59585
59603
59629
59667
59704
59731
59762
59793
59825
59851
59877
59917
59941
59969
60002
60026
60055
60078
60106
60145
60171
60189
60221
60255
60288
60313
60340
60378
60404
60440
60477
60504
60533
60555
60583
60612
60634
60664
60694
60726
60756
60788
60821
60848
60864
60889
60919
60952
60978
61009
61036
61065
61099
61138
61177
61214
61236
61272
61301
61332
61365
61395
61428
61462
61499
61536
61563
61605
61626
61657
61693
61720
61746
61776
61807
61832
61865
61897
61925
61954
61985
62014
62046
62071
62107
62136
62169
62210
62239
62274
62303
62330
62352
62378
62412
62439
62468
62506
62529
62555
62577
62607
62641
62673
62712
62744
62778
62818
62847
62882
62913
62952
62977
63012
63037
63078
63112
63143
63180
63214
63247
63273
63295
63316
63343
63373
63397
63434
63466
63488
63518
63548
63581
63606
63641
63679
63707
63731
63760
63795
63823
63854
63893
63915
63936
63968
63995
64027
64059
64096
64122
64154
64185
64221
64256
64292
64322
64355
64386
64412
64443
64472
64507
64541
64573
64596
64626
64643
64671
64694
64728
64754
64787
64811
64841
64869
64898
64928
64958
64998
65020
65050
65073
65108
65139
65174
65205
65227
65252
65279
65314
65343
65370
65399
65433
65464
65497
65530
65558
65584
65622
65652
65676
65701
65734
65765
65795
65820
65845
65868
65908
65932
65955
65982
66014
66043
66075
66098
66132
66165
66190
66220
66246
66274
66299
66334
66354
66388
66411
66440
66470
66495
66520
66545
66573
66600
66628
66661
66692
66726
66759
66793
66818
66843
66869
66889
66920
66942
66975
67010
67034
67066
67094
67117
67151
67169
67201
67239
67274
67306
67336
67369
67398
67433
67458
67488
67523
67551
67578
67602
67629
67663
67683
67719
67759
67792
67816
67850
67871
67905
