26
58
91
127
162
200
233
264
292
331
358
388
404
441
475
508
536
567
598
627
657
683
704
733
766
795
837
866
902
934
969
995
1020
1056
1088
1105
1132
1155
1184
1220
1251
1290
1324
1360
1393
1426
1463
1490
1524
1554
1581
1616
1643
1674
1708
1734
1750
1779
1816
1848
1884
1910
1934
1965
1988
2021
2056
2086
2118
2146
2166
2184
2212
2243
2271
2298
2332
2360
2390
2419
2449
2480
2512
2544
2573
2599
2625
2652
2690
2724
2753
2780
2807
2842
2870
2895
2919
2948
2973
2999
3025
3063
3099
3136
3174
3205
3232
3263
3288
3315
3341
3379
3403
3432
3454
3480
3510
3539
3567
3619
3647
3679
3711
3741
3764
3799
3838
3861
3894
3924
3952
3982
4009
4040
4069
4102
4136
4172
4193
4227
4250
4281
4304
4341
4369
4400
4431
4463
4492
4520
4551
4589
4617
4654
4691
4731
4763
4777
4804
4827
4862
4892
4924
4959
4990
5021
5052
5082
5117
5143
5175
5193
5229
5256
5292
5313
5335
5366
5393
5423
5450
5479
5508
5533
5568
5595
5622
5645
5671
5697
5725
5755
5792
5827
5859
5883
5910
5946
5982
6008
6036
6077
6106
6132
6163
6193
6221
6252
6287
6322
6356
6389
6423
6455
6485
6513
6549
6587
6616
6638
6663
6694
6729
6749
6783
6818
6855
6885
6917
6950
6975
6997
7032
7071
7097
7123
7146
7175
7200
7230
7257
7288
7317
7348
7385
7418
7453
7474
7499
7535
7562
7588
7611
7641
7671
7703
7731
7759
7795
7820
7844
7875
7893
7918
7947
7978
8008
8039
8068
8098
8131
8167
8196
8232
8259
8286
8319
8346
8379
8414
8453
8471
8497
8531
8555
8578
8615
8655
8682
8721
8756
8785
8819
8842
8878
8910
8944
8974
9001
9030
9061
9099
9135
9169
9200
9233
9265
9300
9326
9352
9378
9411
9439
9467
9501
9525
9566
9601
9629
9652
9676
9707
9733
9770
9802
9831
9853
9886
9920
9956
9987
10019
10042
10073
10096
10128
10155
10190
10223
10247
10279
10312
10342
10367
10405
10435
10458
10491
10524
10559
10597
10629
10670
10705
10740
10768
10805
10834
10856
10888
10911
10938
10966
10993
11024
11060
11091
11118
11145
11180
11201
11229
11262
11297
11329
11358
11387
11428
11466
11492
11516
11543
11573
11599
11628
11655
11688
11719
11748
11772
11800
11835
11863
11890
11919
11945
11975
12018
12054
12082
12103
12130
12167
12200
12231
12258
12285
12317
12346
12373
12403
12434
12455
12484
12518
12553
12576
12608
12635
12670
12699
12728
12762
12797
12832
12864
12893
12931
12972
12994
13019
13046
13075
13106
13135
13158
13196
13225
13252
13282
13315
13350
13383
13413
13435
13460
13491
13517
13546
13581
13612
13649
13681
13713
13747
13774
13800
13832
13856
13894
13933
13956
13994
14020
14050
14083
14120
14151
14178
14196
14232
14261
14288
14313
14343
14379
14411
14434
14473
14505
14533
14560
14597
14622
14654
14684
14708
14738
14777
14803
14834
14859
14882
14918
14942
14971
15000
15030
15061
15081
15111
15148
15171
15197
15228
15257
15284
15309
15337
15368
15396
15414
15444
15480
15516
15547
15577
15607
15633
15669
15707
15746
15773
15802
15823
15854
15888
15917
15953
15990
16018
16041
16079
16106
16136
16157
16182
16215
16238
16266
16292
16328
16361
16395
16431
16459
16489
16530
16557
16588
16617
16643
16670
16693
16724
16759
16784
16818
16847
16881
16896
16926
16969
17001
17035
17057
17081
17115
17141
17176
17207
17235
17269
17303
17331
17365
17399
17433
17457
17488
17526
17558
17581
17608
17625
17653
17681
17703
17731
17768
17793
17824
17855
17891
17918
17942
17975
17998
18032
18064
18087
18111
18138
18163
18198
18230
18255
18284
18321
18353
18380
18416
18446
18469
18505
18536
18570
18598
18633
18657
18688
18724
18753
18782
18811
18846
18869
18893
18919
18951
18984
19014
19046
19074
19093
19118
19136
19168
19190
19221
19253
19286
19317
19362
19380
19406
19437
19465
19496
19525
19552
19590
19626
19652
19670
19695
19725
19759
19783
19807
19839
19868
19899
19926
19959
19985
20021
20049
20081
20101
20129
20159
20179
20211
20231
20264
20288
20321
20361
20390
20424
20464
20493
20523
20547
20587
20618
20641
20659
20697
20731
20762
20789
20823
20857
20887
20918
20940
20967
21002
21026
21056
21077
21112
21144
21169
21202
21232
21262
21286
21322
21352
21381
21409
21439
21465
21497
21533
21566
21590
21621
21664
21702
21734
21765
21798
21830
21862
21897
21912
21946
21981
22015
22050
22081
22101
22128
22156
22190
22221
22249
22277
22299
22334
22379
22404
22428
22461
22493
22526
22558
22595
22616
22651
22680
22711
22743
22770
22795
22832
22856
22889
22920
22951
22978
23008
23041
23078
23108
23138
23166
23198
23238
23268
23299
23328
23365
23384
23415
23438
23463
23485
23516
23544
23580
23617
23654
23678
23708
23741
23765
23798
23829
23859
23898
23923
23950
23978
23999
24020
24055
24079
24101
24142
24173
24214
24241
24265
24294
24312
24336
24369
24399
24435
24474
24500
24536
24566
24598
24633
24660
24680
24706
24740
24752
24777
24815
24846
24876
24909
24946
24977
25009
25041
25076
25102
25138
25175
25200
25224
25256
25290
25319
25351
25379
25408
25441
25474
25508
25537
25568
25595
25621
25646
25676
25705
25737
25765
25795
25827
25860
25883
25912
25946
25988
26020
26049
26078
26109
26140
26171
26205
26228
26260
26284
26309
26342
26376
26407
26440
26472
26509
26538
26572
26609
26646
26684
26714
26745
26769
26796
26827
26860
26897
26936
26970
26991
27017
27051
27089
27110
27138
27161
27188
27208
27238
27262
27297
27320
27340
27370
27391
27420
27456
27479
27503
27534
27565
27600
27625
27664
27699
27732
27772
27790
27818
27847
27878
27909
27934
27967
27997
28021
28054
28090
28115
28147
28184
28216
28244
28271
28305
28329
28363
28398
28428
28455
28487
28515
28553
28586
28615
28649
28679
28711
28742
28764
28790
28815
28844
28879
28907
28938
28963
28997
29025
29060
29088
29119
29139
29172
29203
29228
29266
29303
29332
29356
29386
29425
29455
29482
29512
29534
29563
29594
29619
29643
29677
29706
29736
29768
29792
29825
29856
29877
29905
29930
29965
29988
30017
30047
30080
30116
30153
30183
30215
30248
30266
30303
30331
30358
30389
30414
30438
30468
30505
30532
30561
30593
30624
30662
30683
30721
30756
30796
30824
30851
30880
30910
30936
30964
30991
31017
31041
31072
31092
31124
31155
31194
31225
31247
31279
31317
31345
31378
31416
31441
31462
31493
31522
31547
31577
31604
31633
31663
31695
31733
31760
31799
31825
31852
31873
31911
31945
31976
32000
32025
32059
32083
32116
32147
32169
32197
32230
32261
32291
32317
32346
32377
32406
32440
32471
32504
32537
32582
32615
32644
32670
32699
32728
32750
32776
32814
32852
32888
32918
32950
32987
33022
33048
33080
33120
33148
33183
33213
33244
33268
33285
33317
33341
33374
33409
33442
33478
33503
33528
33561
33596
33628
33659
33692
33723
33753
33787
33815
33838
33869
33896
33917
33956
33987
34010
34034
34058
34090
34114
34137
34157
34188
34207
34243
34264
34294
34317
34349
34377
34400
34427
34450
34486
34525
34556
34589
34611
34639
34667
34700
34727
34761
34791
34827
34859
34889
34923
34956
34986
35014
35047
35074
35114
35138
35169
35193
35225
35251
35278
35309
35342
35379
35401
35431
35464
35497
35533
35564
35590
35617
35640
35666
35698
35730
35770
35801
35825
35854
35879
35913
35950
35974
36006
36029
36050
36079
36106
36140
36173
36206
36236
36276
36303
36335
36359
36384
36410
36445
36473
36506
36543
36575
36608
36639
36670
36695
36730
36766
36797
36823
36855
36881
36918
36955
36991
37018
37052
37084
37109
37131
37160
37190
37221
37250
37281
37309
37347
37373
37406
37435
37467
37496
37523
37557
37587
37622
37654
37689
37722
37757
37787
37826
37849
37876
37911
37944
37971
38000
38030
38056
38084
38111
38137
38163
38193
38229
38261
38290
38318
38346
38379
38411
38450
38482
38501
38531
38565
38600
38630
38657
38687
38718
38757
38781
38804
38840
38873
38904
38936
38974
39002
39029
39054
39082
39106
39127
39164
39197
39231
39263
39299
39334
39362
39393
39421
39447
39489
39521
39559
39588
39617
39647
39677
39709
39735
39764
39801
39834
39864
39898
39927
39956
39980
40009
40044
40072
40100
40133
40159
40180
40209
40241
40272
40315
40340
40376
40403
40433
40466
40500
40538
40564
40592
40623
40653
40681
40723
40758
40779
40809
40835
40872
40903
40932
40966
40994
41009
41034
41062
41091
41131
41157
41187
41223
41250
41291
41316
41346
41384
41418
41448
41480
41519
41540
41576
41610
41652
41679
41707
41734
41763
41793
41817
41846
41880
41906
41933
41969
42012
42043
42073
42095
42124
42161
42192
42219
42244
42270
42295
42323
42354
42387
42416
42444
42481
42509
42538
42563
42585
42611
42636
42656
42689
42715
42756
42788
42825
42851
42892
42927
42954
42990
43023
43058
43082
43113
43140
43165
43195
43233
43257
43283
43310
43333
43362
43392
43433
43464
43498
43523
43552
43589
43618
43643
43670
43689
43728
43762
43793
43820
43855
43882
43916
43945
43973
43999
44022
44041
44071
44100
44133
44168
44196
44225
44256
44286
44318
44347
44374
44404
44436
44466
44494
44525
44544
44562
44592
44620
44648
44677
44706
44733
44766
44794
44830
44861
44884
44914
44946
44979
45012
45040
45063
45099
45134
45158
45193
45228
45257
45284
45313
45340
45371
45400
45422
45458
45488
45517
45537
45574
45601
45633
45658
45694
45725
45752
45780
45817
45846
45879
45911
45939
45969
46006
46037
46071
46104
46136
46161
46187
46212
46235
46267
46294
46322
46354
46376
46404
46435
46470
46489
46517
46550
46572
46605
46629
46657
46689
46714
46743
46778
46796
46825
46858
46889
46924
46951
46988
47018
47039
47071
47098
47135
47165
47199
47229
47255
47276
47313
47336
47376
47408
47448
47480
47511
47539
47576
47609
47627
47667
47696
47737
47760
47793
47828
47859
47895
47917
47946
47972
48010
48039
48067
48095
48119
48141
48167
48190
48218
48245
48276
48305
48333
48360
48385
48420
48452
48484
48516
48548
48577
48609
48636
48676
48716
48745
48777
48804
48832
48858
48878
48901
48935
48968
49001
49035
49069
49090
49115
49137
49166
49202
49226
49251
49282
49310
49334
49365
49404
49436
49478
49513
49545
49574
49602
49631
49661
49687
49710
49746
49776
49798
49825
49861
49888
49915
49950
49979
50012
50029
50058
50096
50128
50158
50191
50223
50253
50289
50324
50352
50386
50415
50447
50479
50501
50543
50563
50597
50627
50654
50679
50701
50734
50764
50787
50820
50844
50873
50901
50930
50960
50982
51015
51051
51080
51110
51135
51163
51193
51226
51261
51288
51315
51337
51371
51400
51425
51453
51490
51511
51540
51576
51602
51643
51675
51714
51749
51784
51806
51842
51879
51909
51944
51979
52010
52026
52058
52084
52107
52142
52177
52212
52239
52275
52293
52320
52354
52377
52401
52436
52481
52516
52540
52578
52599
52630
52652
52684
52714
52739
52772
52801
52833
52862
52889
52914
52945
52972
53002
53042
53070
53101
53134
53159
53183
53210
53235
53265
53289
53308
53345
53376
53409
53436
53466
53506
53535
53564
53590
53618
53655
53686
53715
53743
53777
53811
53850
53879
53914
53946
53975
54004
54045
54085
54112
54149
54179
54213
54244
54271
54302
54323
54344
54371
54397
54424
54458
54488
54513
54544
54574
54601
54639
54669
54702
54732
54761
54784
54802
54835
54864
54889
54925
54948
54973
55009
55038
55061
55084
55116
55145
55176
55209
55236
55268
55297
55335
55368
55394
55420
55456
55490
55511
55535
55568
55592
55629
55664
55695
55712
55746
55782
55820
55855
55889
55922
55944
55975
56009
56037
56065
56093
56129
56162
56182
56215
56249
56277
56302
56337
56368
56393
56427
56450
56479
56505
56543
56564
56590
56633
56664
56694
56718
56748
56777
56806
56830
56858
56882
56910
56938
56972
57002
57034
57069
57106
57136
57157
57188
57215
57251
57278
57307
57335
57367
57394
57429
57461
57492
57531
57561
57580
57611
57634
57660
57687
57714
57744
57777
57803
57831
57860
57881
57902
57932
57973
57999
58025
58052
58084
58113
58146
58184
58215
58244
58272
58297
58321
58348
58379
58412
58439
58471
58503
58532
58562
58606
58634
58664
58696
58723
58752
58784
58813
58845
58873
58899
58930
58954
58986
59014
59050
59075
59112
59147
59184
59211
59253
59281
59306
59339
59373
59402
59432
59457
59479
59513
59540
59576
59607
59637
59673
59692
59726
59758
59788
59818
59848
59863
59891
59931
59971
59998
60022
60050
60085
60111
60144
60167
60200
60236
60271
60308
60339
60364
60384
60417
60443
60467
60498
60539
60570
60605
60632
60664
60696
60725
60745
60773
60798
60820
60846
60876
60898
60922
60958
60986
61014
61039
61071
61115
61149
61168
61201
61231
61259
61292
61314
61341
61377
61397
61432
61461
61486
61515
61553
61587
61621
61655
61681
61713
61749
61779
61815
61849
61880
61910
61935
61967
61994
62032
62063
62098
62136
62169
62198
62229
62257
62282
62308
62341
62376
62404
62440
62475
62501
62532
62553
62583
62618
62653
62684
62710
62731
62755
62784
62820
62851
62883
62911
62950
62978
63007
63045
63074
63107
63142
63170
63207
63235
63254
63291
63323
63354
63387
63411
63437
63466
63491
63521
63555
63586
63614
63643
63672
63706
63737
63773
63804
63842
63867
63901
63935
63964
63995
64027
64065
64093
64121
64152
64178
64212
64249
64277
64305
64341
64379
64415
64452
64483
64516
64559
64597
64629
64663
64696
64721
64747
64788
64811
64835
64857
64890
64926
64954
64981
65006
65034
65063
65095
65136
65169
65198
65224
65254
65286
65318
65346
65368
65399
65435
65473
65499
65526
65552
65590
65613
65642
65668
65697
65734
65767
65787
65816
65838
65864
65890
65915
65941
65979
66009
66043
66068
66094
66121
66153
66187
66222
66249
66284
66321
66350
66381
66412
66447
66477
66512
66546
66578
66605
66626
66644
66662
66702
66728
66767
66796
66825
66856
66888
66918
66946
66964
66993
67026
67056
67081
67112
67140
67179
67210
67240
67275
67309
67335
67357
67385
67418
67448
67469
67506
67532
67569
67607
67643
67666
67692
67720
67756
67787
67825
67856
